000801
001101
001162
001297
001414
001749
001991
002318
002553
002662
002971
002985
003023
003507
003639
003669
003740
004473
004972
005334
005420
005492
006176
006283
006325
006488
006571
006685
006811
006955
007983
008281
008529
009047
009101
009937
010486
010887
011220
011331
011477
011872
012127
012244
012501
012555
013078
013173
013439
013633
013959
014184
014344
014453
015144
015806
016611
016784
017020
017613
017631
018204
018296
018313
018535
018564
018587
018954
019061
019205
019828
020079
020568
020620
021038
021044
021488
021512
021773
022187
022437
022683
022687
022772
023289
023351
023473
023651
023767
024251
024605
024977
025524
025718
025810
025988
026502
026540
026623
026853
027136
027212
028233
028518
028547
028745
028775
029347
029623
029677
029875
029904
029943
030812
030865
031025
031028
031076
031643
031692
031703
032886
033037
033404
033412
033443
033445
033504
035271
035335
035584
036873
036917
037124
037374
038077
038166
038489
038543
039892
039950
040444
040653
040847
041138
042082
042575
042693
043738
043754
043834
043980
044489
044579
044584
044589
044766
044832
044905
045085
045767
046982
047538
047767
048024
048089
048359
048465
048509
048798
049221
049231
049586
049696
050302
050343
050523
050761
051975
052585
052718
052731
053617
053638
054170
054476
055123
055250
055295
055342
055747
055955
056417
056497
056577
057012
057162
057792
058283
058484
058584
058756
059198
059309
059800
060107
060733
060786
060843
060977
061007
061381
061403
061505
061911
062078
062156
062220
062469
063097
063418
063481
063791
063825
064284
064286
064318
064377
064380
064584
064778
065829
065973
066034
066140
066839
067164
067872
068335
068413
068428
069276
070015
070091
070115
070121
070374
070460
070897
070951
071050
071196
071301
071395
071677
072043
072791
073138
074217
074868
075273
076012
076084
076667
077125
077157
078011
078136
078480
078680
078908
078923
078934
079109
079164
079254
079569
079764
080125
080158
080180
080397
080837
081089
081397
081440
081597
081761
081803
081963
082250
083161
084727
084803
085065
085745
085799
086015
086061
086079
086346
086794
087325
087918
088116
088671
089025
089034
089039
089093
089528
089703
090077
090584
090772
091298
091707
092143
092397
092683
092983
093089
093228
094288
094431
094708
095018
095792
096145
096192
096459
096716
096767
097103
097314
097828
098051
098792
099167
099420
099425
099436
099625
100259
100843
100853
100981
101505
101534
101900
101938
102966
103371
103788
103933
104562
104745
105012
105478
105568
105929
106436
106608
106635
106645
106764
108174
108217
108711
109712
109989
110244
111057
111219
111499
111771
111807
112290
112413
112843
113085
113112
113131
114131
114243
114375
114775
114979
115174
115208
115389
115431
116148
116213
116269
116713
116754
117059
117181
118263
118932
119202
119206
119603
119637
120133
120405
120429
120892
122317
122337
122655
122730
123463
123908
124531
124756
124942
125054
125086
125251
126459
126522
126762
127269
127828
128040
128316
128739
128883
129090
129202
129262
129370
129796
130132
130328
130827
130913
131005
131031
131196
131769
132051
132246
132702
133679
134256
134568
134793
135333
135537
135803
135821
136197
136388
136678
136718
137525
137665
138028
138663
138723
139172
140574
141166
141529
141622
141631
142066
142100
142487
142849
142954
143005
143040
143497
143840
144060
144230
144593
145137
145167
145264
146062
146102
146241
146246
146450
146926
147641
147656
148349
148580
148955
149124
149511
149526
149571
149798
149845
149939
150350
150994
151317
151398
151608
151779
152431
152541
152911
152946
152955
153093
153359
153505
153666
153864
154429
154673
155183
155302
155559
155700
155899
156738
156775
157277
157570
157598
157947
157988
158136
158141
158397
158606
158754
158909
159489
160422
161043
161482
161766
161873
162369
162972
163008
163145
163172
163742
163829
163874
164606
165138
165660
166825
166919
167033
167216
167298
167355
167570
168008
168085
168115
168317
169154
169203
169359
169483
169763
169902
170271
170675
170678
170830
171831
172131
172479
173367
174598
174612
175005
175049
175241
175311
175770
176093
176612
177205
177653
177764
178101
178409
178451
178663
178916
179256
179262
179480
180009
180268
180695
181018
181392
182459
183111
183661
183982
184276
184652
185009
185052
185816
186165
186407
186449
186670
186894
187302
187638
188031
188169
188222
188234
188347
188550
188736
188946
190149
190910
190990
191351
191391
191397
192000
192273
192710
192745
192994
193451
193743
193754
194397
194526
194921
195864
196002
196550
196607
196877
197213
197312
198056
198754
200028
200276
200302
200924
201915
202147
202423
